Cromite: 139.0.7258.128
DotGallery: 3.2.0
DuckDuckGo: 5.244.1
Fossify_Calculator: 1.1.0
Fossify_Keyboard: 1.3.0
Fossify_MusicPlayer: 1.2.1
Fossify_Notes: 1.4.0
Fossify_VoiceRecorder: 1.3.3
Gramophone: 1.0.17
MicroG_RE: 5.12 GMS-25.31.33
Omni: 1.3
ReVanced_GooglePhotos: 7.41.0.795526889
ReVanced_MicroG: 0.3.1.4.240913
ReVanced_YTMusic: 8.25.54
ReVanced_YouTube: 20.13.41
Spotify_Revanced: 9.0.72.949
Symphony: 2024.12.115
XedEditor: 3.1.5
